idx	label	predict	radius	correct	time
0	3	-1	0.0	0	0:00:00.193555
100	4	-1	0.0	0	0:00:00.177222
200	5	-1	0.0	0	0:00:00.183688
300	6	6	0.000357	1	0:00:00.170622
400	9	9	0.000357	1	0:00:00.178010
500	4	-1	0.0	0	0:00:00.177927
600	8	8	0.000357	1	0:00:00.168359
700	7	7	0.000357	1	0:00:00.182617
800	7	7	0.000357	1	0:00:00.176793
900	2	-1	0.0	0	0:00:00.179413
1000	5	5	0.000357	1	0:00:00.171506
1100	7	-1	0.0	0	0:00:00.176023
1200	8	8	0.000357	1	0:00:00.228385
1300	4	-1	0.0	0	0:00:00.187296
1400	5	5	0.000357	1	0:00:00.225178
1500	1	1	0.000357	1	0:00:00.171696
1600	8	-1	0.0	0	0:00:00.183791
1700	5	5	0.000357	1	0:00:00.174253
1800	4	-1	0.0	0	0:00:00.180421
1900	8	8	0.000357	1	0:00:00.186496
2000	1	1	0.000357	1	0:00:00.185210
2100	2	2	0.000357	1	0:00:00.186555
2200	0	-1	0.0	0	0:00:00.182710
2300	3	-1	0.0	0	0:00:00.187382
2400	0	0	0.000357	1	0:00:00.184596
2500	4	-1	0.0	0	0:00:00.173887
2600	8	8	0.000357	1	0:00:00.178075
2700	9	9	0.000357	1	0:00:00.170489
2800	4	4	0.000357	1	0:00:00.186806
2900	3	-1	0.0	0	0:00:00.182070
3000	5	5	0.000357	1	0:00:00.172068
3100	0	0	0.000357	1	0:00:00.179993
3200	5	5	0.000357	1	0:00:00.172310
3300	4	4	0.000357	1	0:00:00.175737
3400	6	-1	0.0	0	0:00:00.179138
3500	1	-1	0.0	0	0:00:00.175587
3600	4	-1	0.0	0	0:00:00.178655
3700	3	3	0.000357	1	0:00:00.177731
3800	9	9	0.000357	1	0:00:00.185527
3900	3	3	0.000357	1	0:00:00.177789
4000	8	-1	0.0	0	0:00:00.179890
4100	7	7	0.000357	1	0:00:00.189807
4200	4	4	0.000357	1	0:00:00.190280
4300	8	8	0.000357	1	0:00:00.178659
4400	3	-1	0.0	0	0:00:00.173961
4500	3	-1	0.0	0	0:00:00.179008
4600	4	4	0.000357	1	0:00:00.186443
4700	6	-1	0.0	0	0:00:00.179736
4800	9	9	0.000357	1	0:00:00.180134
4900	3	3	0.000357	1	0:00:00.174755
5000	7	7	0.000357	1	0:00:00.183285
5100	3	3	0.000357	1	0:00:00.180074
5200	3	-1	0.0	0	0:00:00.189150
5300	9	9	0.000357	1	0:00:00.181729
5400	9	9	0.000357	1	0:00:00.182878
5500	8	8	0.000357	1	0:00:00.173984
5600	6	-1	0.0	0	0:00:00.184922
5700	3	3	0.000357	1	0:00:00.174299
5800	2	2	0.000357	1	0:00:00.175997
5900	4	-1	0.0	0	0:00:00.184241
6000	8	8	0.000357	1	0:00:00.181258
6100	1	1	0.000357	1	0:00:00.182730
6200	3	2	0.000357	0	0:00:00.169157
6300	1	1	0.000357	1	0:00:00.180061
6400	0	0	0.000357	1	0:00:00.183690
6500	7	-1	0.0	0	0:00:00.174152
6600	7	7	0.000357	1	0:00:00.181309
6700	6	-1	0.0	0	0:00:00.175376
6800	6	6	0.000357	1	0:00:00.180551
6900	3	-1	0.0	0	0:00:00.182666
7000	2	0	0.000357	0	0:00:00.206997
7100	9	-1	0.0	0	0:00:00.177695
7200	4	4	0.000357	1	0:00:00.171752
7300	3	-1	0.0	0	0:00:00.176488
7400	3	-1	0.0	0	0:00:00.181763
7500	6	6	0.000357	1	0:00:00.178151
7600	8	-1	0.0	0	0:00:00.178161
7700	6	6	0.000357	1	0:00:00.173444
7800	0	0	0.000357	1	0:00:00.178886
7900	0	0	0.000357	1	0:00:00.174800
8000	9	9	0.000357	1	0:00:00.183691
8100	6	6	0.000357	1	0:00:00.176439
8200	3	-1	0.0	0	0:00:00.177174
8300	5	-1	0.0	0	0:00:00.175520
8400	0	0	0.000357	1	0:00:00.174178
8500	4	4	0.000357	1	0:00:00.181465
8600	3	-1	0.0	0	0:00:00.184635
8700	3	-1	0.0	0	0:00:00.175625
8800	0	0	0.000357	1	0:00:00.177661
8900	2	-1	0.0	0	0:00:00.172992
9000	8	8	0.000357	1	0:00:00.182853
9100	9	-1	0.0	0	0:00:00.181826
9200	8	8	0.000357	1	0:00:00.181086
9300	5	-1	0.0	0	0:00:00.179348
9400	6	6	0.000357	1	0:00:00.174234
9500	9	9	0.000357	1	0:00:00.184412
9600	8	8	0.000357	1	0:00:00.173826
9700	0	0	0.000357	1	0:00:00.177517
9800	1	1	0.000357	1	0:00:00.192550
9900	8	8	0.000357	1	0:00:00.179478
